ΙΙ. INDEX Auctorem*

1——

Aooius, 6.

1611666916, 9 66.

1661166166 96666166, 19 66,, 69,
61, 61, m sq., 11, 66 66,, 61,
88-99, 199, 195 66,, 113, 191-
199, 133 66,, 119-119.

16666911 Probi, 35 66.

166166 claudius Gaeous, 5.

Apuleius, 59.

Aristarchei, 11, 13.

Aristarchus, 81, 96, 19166, 197,
191, 198, 136, 111.

Aristoteles, 7, 11-16, 59, 55, 59,
59, 69, 65, 78 66,, 88, 99-91,
19166.,119,11566,,193,131,
117.

16661, 91 66,, 11, 18, 66, 68, 75,
139, 133, 113.

1116166 Philologus, 15.

Augustinus, 191.

Aurehus 9611166, 19.

6611166616 1116616161, 39, 35, 36, 61 ,
69 66,, 76-78, 89, 86, 88 66,, 96,
19166, 198, 118 66.

966661, 15, 99, 59, 63, 68.

Caesellius Vindex, 96.

Caper (ilarius), 99, 95, 35, 19 66,,
66, 66.

carvilius 11661166), 6.

1. 91. supro, 6. 161, 6. 3.

Charisius, 99 sq. , 96, 98, 39-36, 39
66,, 11, 5166, 61 66,, 6879,
73, 76-79, 89,81·91,95-97, 199,
191-111, 111-119, 196, 19966,

139 66,, 135, 137 66,, 113, 115,

163. -

91166166667, 89.

916616, 16,19, 59, 59, 69 66,, 65,
79, 87, 93-95, 111, 118, 169.
9161166166, 38 66,, 65, 69, 76, 88,

9966.,199,197,111.

9669616666, 99, 3966, 3166, 73,

61, 66, 66-61, 66 66,, 166166, ¹

111.

commentatores Donati, 37 66., 85,
,88, 191.

9666661166, 39, 69, 65, 98 66,, 79,
79 66,, 89, 85, 88, 97, 193111,
116,118,191.

96166166, 96.

Grates, 7 66,,11.

91616161, 11.

Diogenes Babylonius, 7, 11. “

Diomedes, 99 66,, 96, 39-39, 3166,
36, 39 66,,13, 15 66,, 59, 59, 51,
56, 58, 61, 68, 71-79, 81 66,, 81·
89, 9566, 199, 199, 191-111,
111, 117·191, 191, 19666.,199
66,, 133,135, 137-139, 113, 116·
118.

 

