-177-

90.,35,11,80-83,88,73,7590., Τ14901199199,123.
81-83, 85, 98 90, 82, 132 90,, Tiro, 15.
135,111,183. ,
Ultimis (De) 8911901935 90.,’188,
80994009,2390.,78,73,95,37,39, 127,
104-409, 11914999, 190199.
8990009,28, 2527, 31 914.,11,17, valerius 8910, 15.
4092, 94, 99 sq, 92, 09-94, 09 varro, 6, 12-19, 22, 41, 44, 49, 92,
90,, 75, 81, 83, 85 sq„ 38,181, 55-88, 82 90,, 85-88, 78 90,, 75-
104, 109, 491 sq„ 494,199, 144, 44, 49-99, 99 sq, 99-90, 9290,
199. 94 66, 101, 404-109,444,144.
Sergius, 37 914.,4590., 12 sq.,71, 118, 118 90, 121, 121128,
66, 94, 144, 119, 124, 490194, 190 99, 499 99, 144 99, 114,
1311118914.181.11ορ19001.10 181 sq. ’
Donat. ΙΙ.) Velius Longus, 25, 11,-11, 18, 58,
servius, 94, 49, 66, 66, 44 sq, 49, 01 90,, 9409, 92, 66-66, 4094,
94, 99 sq, 109,409,411, 149, 192,19499,144,199. ,Α ’
124, 129, 429, 199, 149. verrius 090009, 14 66, 293159,
910494,4,11, 49 99, 99-09, 94 661, 60, 02, 66, 91, 85, 90, 99, 404,
81, 82, 92-21, 181,181914.,187 132, 137, 182. (81,,1991004 01
99.,1ι299,119,114,119,199 Paulum.) ’Μ
sq, 127, 131, 135, 139-111. Victorinus, 3190, 15 90,, 58, 52-

309100109, 132. , 58, 90181108, 118, 118, 133.

Terentianus Maurus, 38, 52, 58. zenodotus, 123.

 

