-11‘2-

1661661166]16166.,61,99666., 166,
161.

1666661166, 131, 111 , 161, 161.

Proculianum 66611, 111, 161.

Prima person, 93, 161.

161616661666666616, 16, 111, 166,
161.

16161116666666, 116, 166.

166611166666661).,16,86,111, 166.

Primitivus gradi, 90, 163, 161.

1616666161, 18, 89, 163, 161.

Princeps 1111, 61, 161.

Principale pron„ 136, 166.

Principale 66661), 16, 111, 166,
183. -

Principalis conj. , 113, 163, 163.

Ρ61661166166666., 130, 161.

16616116 syn, 66, 166,

16616616 66661, 60, 166, 161.

1661166611, 616, ‚ 616, 19, 133.

Premisenum gen„ 61, 166, 163.

1666166166 conj„ 113, 161.

. Promis-ainus 6161, 96, 99 66,, 116,

, 161.

16666666, 113 sqq„ 169, 161.

16666611611666 6161, 166 sq., 109
sq., 168.

1666661666, 11 , 163, 161.

Proprium nom., 11, 86 sq., 86, 163,
163.

16666116, 116, 161, 161.

1666666161666, 111 66.,161,161.

16116111, 161.

Punctum, 118, 161,

066161666111616661. 666, 13, 163.
06616166116666, 68, 169, 101.
unalitas, 101, 163,163.
0661116116, eiu, 616, 19,133,163.
0661116116 pron, 130, 161.
06661116116616,, 19, 133, 163.
066611161166666, 130, 161.

Quasi 61 aliquid 1161661, 86, 161.

Quasi deminutiva 16666. verb„ 111,
166.

0661666661616661. eas, 13, 163.

velamentorum, 13, 163.

Quinquepertita 16666. 666.,13,163.

16116616611666661, 131 squ, 166,
163.
Rationalis 6661, 138 sq., 166.
1661666666 6666. , 118, 166.
066166666666666, 110, 166.
1666616666 spec. temp. 96, 99 sq.,
161.
6661661661), 116, 161, 161.
1166166666, 65, 161, 161, 161.
1166166 6161, 101,161, 161,
1611111666] pron, 130, 169.
161666116666 pron, 118, 169.
11616166 61 aliquid conj.. 131 sq.,
156, 166.
1616116666166, 119, 160, 163.
1166616616666616, 136, 161,
1661611666661, 136 sq., 169, 163.
16666616611 616, 19.
16666616611 6666.,101, 161. .
1166666616666 prun, 130, 161.
116166661116666 6666. , 118,161. ,
116116 nn, 61, 163.
uagandi 6666166, 101, 106, 161.
nunnus sermo, 113, 163.

861616166166666., 66, 166.
8661611116 vox, 11 sq., 160, 168,163.
Secunda pers, 33, 161.

Secundus 6661, 8, 89, 163, 101.
8666666116666 pron, 130, 161.
semisomnus, 61, 169.
3661666666, 61, 169.
1166616666116,6,10,6166., 169, 161.
366661616666. 666.,13, 163.
separativum 66616, 111, 161.

 

