-174-

Ulterior, 55, 155151, 151, 151. 151551151151515, 111, 15).
1155115151111.515, 73, 157. Vocabulum, 83, 158, 151 sq.
Uninominum, 55, 158. 11551115,5,18555., 155, 155, 158.
5515511155), 58, 158. vocandi 1111, 88, 131.
5511515151. m, 73, 157. vocandi 515, 55, 151, 155.

univocum, 85, 158. 1551515551), 133, 135, 157.
5151551155517511), 188, 157, vocativum 1511), 181, 157.

- vocativus 5115, 55, 158, 151.
verbale nom„ 78, 151), 158. 7551115115, 115, 157, 151.

Verbum (ι- 5151151, 58, 151, 158. 1515111511511111 verb. , 128, 158.

verbum (gall. verbe), 58, 81 sqq„ Vox (gall. 55111),11 sqq. ‚ 151, 151.
115, 151, 151. vox 11111, 1155), 55, 151.

155511155551115,151,151, Vox (gall. 55111 active, 5151, 115,

muca, 111,151. 155, 151.

7555 gen„ 55, 155, 155.

 

