l. INDEX VOCABULORUM

—

10121122 coni, 112, 160.
10101122 02120, 115, 157.
1610110126, 6, 13,68, 156, 161 sq.
10022211222021, 112, 160.
10223211222262, 131, 160.
Absolutivum verb, 120, 158.
Absoluta torm. verb, 121, 152.
Absoluta sp. pori, 06, 106, 153.
Absolutum 2012, 81, 155.
Absolutum prom, 127, 156.
Absolutum verb, 120, 121,155.
Absolutus gram, 00, 155, 163.
10221222 nom, 85, 158.
1220211222212, 116, 150, 162.
12222122, 115 so, 150, 161.
122222261222, 68, 151, 161.
1222221122 02220, 115, 150, 157.
12022211222 222, 10, 68, 158,161.
1211222 verb, 112, 115, 116, 113,
155, lot.
1211222 eas, 68, 153,
122122 secent, 116, 151.
16 aliquid nom, 81, 151.
16 aliquid 6121222, 81, 130, 151.
Ad aliquiolflul'tum prou, 130, 152.
Ao aliquid instuit. prom, 130, 152.
16 aliquid qualiter 22 babens nom,
85, 151.
16 aliquid quodam mollo se habeus
nom, 85, 151.
16 222222 pertinens v., 122, 152.
1611111222 prom, 128, 160.
16102211222206, 165, 158.

16122110, 88, 156.

1612211222 nom, 81 sqq, 151,160, =

161.
16122211202001, 1-10, 159.
16122211222002, 88, 160.
1612222222206, 106, 100,158.
162101201006120220,88,153,162.
1622122261 adu, 131.
1621002261 oeni, 137 sq., 153, 163,
16222261 262, 20.
162222112 adu, 133.
16001120 2021, 113, 157.
16212110022220, 122, 157.
Adquisitivum verb.. 122, 158.
1602201012 nom, 78, 157. .
1622211122, 103, 131 sqq, 115, 150,
162.
1622212122 qualitatis, 108.
1622222622 eouj, 112, 158.
Aequiperaus verb, 122, 160.
Aequipamtivum verb, 122, 160.
Aequiuocum, 80, 150.
1022110201 verb, 122, 157.
11122122, 113, 155.
1111222261 adv, 20, 133, 163.
1162221122 conl, llt, 158. ,
Agendi geu. 2212221), 115, 117,
155, 163.
12222281, 152.
1016102202 verb, 120, 152.
Auceps eous, 51, 153.
Anceps 20221, 50, 156.
12022122, 80, 151.

 

