-1oo-

inieoodono, 130, 153.
Aniepaenoiiimo, 111,151, 163.
1133131333, 111,151, 161.
1113111311 voe, 83, 111, 111.
Appellatio, 83, 103, 160,133.
11131131113113331, ii, 80, 83, 33,
113, 13311, 113.
1113311111311131, 118, 160.
111131311133331, 111, 158.
11131311 nom, 11, 151.
1111311313 pron, 111, 151.
11113313113131, 15, 155.
1111311311 131, 15 sq„ 151.
111133113, 113311, 119, 155, 161.
,111113131311 verb.. 111, 151.
1113133311, 53, 153.
13311333331, 113, 151.
inpendi 1311113, 89, 151, ici.
11333111131111 113111.. 81, 151.

1311333333, 119, 151 , 161.
111311313111133, 13, 151.
111131111313113. 333, 13, 153.
1131113133, 58, 159, ici. ’
311331333331, 50, 151.
1113113 333, 111, 151.
1131133111.. 56, 151, 161.
Brevis 13331. , 50, 151.

Cacumen, 116, 153.
claromontanum, 86, 153, 161.
1333311110311, 158, 161.
1333311311131, 111, 151, 161.
13333, 63 sqq„ 155, 161.

1333313 3111.,19,131,135,151, 103.
13133113 33111, 13131111, 158, 163.
1333311133 cae, 63, 158.
11133313113333331.,116,156, 163.
0311131133, 81, 151,161.

cointio, 13, oo, 131.

collectiva 3331. , 130, 156.
collectivum 3331,, 81, 155, 161.

colligatio, 136, 156, 161.
commendativus, 31, 160.
commune genus nom.,6i, 153, 155,
163.
Commune gen. 13111, 111311.,151.
1313111131131, 118, 151.
Comomnicotioe, 133, 151.
communiones„ ii, 151, 161.
communis 3311, 113, 151.
communis 3331,, 13, 151.
1331111113 oneo, iii, 151.
communis 3111, 58, 155.
comparandi adv. ‚ 10.
comparandi nom, 91.
131113131133311, 131311, 153,
comparativum 311, 131, 156.
comparativus 333, 69, 151.
comparativus 11311, 13, 60, 156,
163.
13313113311311, 19.
13311311133331, 139, 159, 161.
Complexiva 3331, 130, 153.
compositicium noo, 18 311, 159,
161.
compositum 133, 18, 86, 111, 111,
133, 131, 113.
comprehensio, 56, 156.
comprehensivum nom, 81, 159.
conceptio, 53.
eoncessiones mod., 106, 110, 151.
1333113, 56, 153. ,
13331113 3331, 139,159, 163.
1331131311133331, 111, 158.
13311313111331311., 131, 158.
6331333101, 15311, 151.
congregandi 3111, 19.
congregativum 111,, 131, 158.
conjugatio, 111, 150.
1331313113, 113,131,135,11331111,
133131.

1311333111333, 111, 153. h
131133311133331, 110, 160.

 

