-196-

Dionysius Thrax, 11 sq, 19, 10,
11, 11, 1111, 11-11, 11, 11,(11-
11,11-11, 11-11, 11111111,
101-108,11111., iar-199, 199-
111, 111-111, 111-111, 111-111.

01111111,10, 30-33, 31-30, 31111,
11-10, 53, 56 11,, 61 111,, 65,11,
11-11,11,11,11-11,11,11, 111,
111, 111-111, 111, 111, 111-111,
111111,11111.,111,111,111,
113 11,, 111 sq, 161,

0111111111,11,3031,35-11,16,61,
11, 11-11, 111111, 111, 111-
139.

innius, 6, 50.
lixolauatio 11101111. ll, 39, 10,106.

flatus (ci. Paulum et torrium Plac-
cum), 11-11, 11, 11, 11, 11, 11-
11, 11, 111, 111, 111, 111.
Fronto, 01, 131.-

Neruas 11111111, 11, 11, 11, 11, 11,
1611, 19 111,, 85, 30, 95, 11,

111, 111, 111,115,119911.,191,
111-111, 110, 163.
Gnipho (Notou), 10.

instituta 1111111, 36, 16, 61, 13, 18,
81-86, 88, 95 11,, 180, 101, 106
111,, 109-111, 111, 110, 111,110,
133, 139.

Lucilius, 6, 55, 50, 161.

1111110111,38,10, 95, 101, 109,
110.

Martianus (lapella, 39, 80.

Modestus (tul), 15, 91, 133.

Nicanor, 10.

Nigidius Figulus, 11 11,, 19, 51, 51,
11, 11-11, 11, 11,11,11,111,
115111, 101,

Nomine 1011, 35 sq.

Nonius 1111111111,10,11, 118, 131.

Palaemon 6111111111), 10-11, ‘Pi-29,
31, 31 sq., 11, 51, 56, 0011,
11,11,11,11, 1111, 11, 11, 11
11,, 101 sq, 100, 108,110, 116,
1111131111, 135,131-1-15,103.
(ul. Quintilianum.)

Paulus, 11 111,, 50, 131, 130.

Plato, 1, 50, 51, 11, 91111.,101,
116.

Plinius, 16, 10, 11 11,, 15,1111.,
99 sn, 11, 11, 11, 1111, 11,
11-11, 11-11, 11, 11, 11, 199,
111,111,111,111,111,111-111,
161.

Pompeius, 38, 10,15, 10, 51, 13,
11 sq.,91,9·1, 11ssq, 191, 111,
113.

Priscianus, 11 11,, 10,19,33-11,
11-56, 58, 60-61, 66-10, 11 11,,
11-11,1111,11-11,11,11, 111
11,, rot-ror, 110111, 113-115,
11111, 110111,111, 116-135,
111-111, 111, 111.

Probus Berytius, 13-15,11, 100.

Probus minor, 10, 30, 3511.,10,
51, 63,13. (Gi. 11111. Are.)

Prodicus, 1.

Protagoras, 1, 59, 00, 101 , 105,

Quintilianus, 10, 11 , 11, 13, 51, 50,
58-63, 65-10, 15, 11 11,, 81-83,
85, 90 11,, 93, 81101105, 101-
108,111,111-110,11811.,113,
13111, 131, 111-116, 163.

Pomanus (lulius), 10, 11,10, 18

 

