-167-

conjunctivus moti, 103,106,100,
110,158,101.

consequens temp, 01, 155, 101.

consignificantia, 113, 160.

consonans, 5, 10, 50, 51 000. , 150,
103.

constructio, 118, 156.

contentio, 89, 101.

continens 0010, 81, 155. ’

continuativa conj„ 110, 160.

00011011010100, 115, 161.

convinctio, 131, 150, 163.

copula (comp), 10, 101.

copula (00011, 130, 155, 101.

copulativa 0001, 131 000.,-138, 163.

copulatum 100, 10, 155, 161.

Corporale 0010, 85, 151.

00110010000.,50, 150, 103.

000001010001., 50, 156.

01011000 nom„ 85, 150 000.

Dauni 00000, 61, 151, 161.

Dasio, 111, 151. 1

0011100, 01, 130, 158, 101.

00000110001010, 111, 151.

0001100011010010., 11, 158.

00000010, 00, 161.

0001100110, 00, 111, 115, 155,161.

0000001110 von, 11.

0001100100, 10, 158, 101.

000000001100100., 18, 160.

0000011100100., 10, 110.

0001101110 von, 10.

corentinum verb„ 111, 158.

Dessnitivus mod. , 101, 110, 155.

Dehortativum adv, 133, 131, 100.

Dominutiva torm. 1010,,111, 156.

Deminutivum adv, 135, 156.

0001001000 11000, 85 00,, 151,
161 00.

0001001010 nom„ 85, 153, 161 sq.

, Demonstrnndi adv, 10.

000000110111000001.,131,150161.

001000011001101 nono 01.

Demonstrativum pron, 110, 155,
161.

Denomiuntivnm von, 18, 111, 160,
161. ¹

000000001010.,13,118,150161,
101.

00000110001011), 110, 131.

0001000111υο mou, 110.

0010011000 100, 11, 86, 116,
130100.

0001001001 voc, 11,111, 163.

000100·01100101.1010., 111, 151,
101, 101.

000100101110011010, 111, 151.

01001010, 111, 151.

01001000 vocal. , 50, 151.

010110, 58, 135, 103.

0100010000010, 81, 151.

Diphtnongus, 51 , 151, 163.

Diptotum nom„ 11, 151.

Discretivum adv, 135, 160.

Discretivum pron, 111, 160. ’

Disorotivum verD., 111, 131.

0100111νο coni, 111 , 160.

0101100110, 111, 110.

Disjunntivn 0001, 131000, 150,
163.

Disjungendi conj, , 13100, 151,163.

Dispertitivum uom.‚ 81, 158.

Dispositio, 110, 155.

0101100110, 118, 155.

010111011110 0001, 111,151. ⁴

01011100000100010, 81,158, 161.

010011000051, 151, 163.

0110101011010, 80, 150.

Dividuom nom. , 81, 155.

000110, 83, 158, 163.

Dubitanti, 010, adv, 10, 133. s

0111101010001, 13100, 151, 163.

0001100100001, 111 , 158.

 

