-168-

00011011100001, 133, 135, 158.
1100110111υο mod., 106, 110, 158.
Duplex 0000, 51, 158.

111001110 0001, 111, 155.
110011000001, 111, 157. -
ilementum, 17 sq., 151, 161.
1101000000, 61 , 151, 163.
Epitheton nom., 88, 151.

1100010 0000. temp, 106, 153.
1100100010100,11 00, 153, 163.
110010001100100, 15, 157.

1001011100001, 138 00, 150, 163.

Extrinsecus, 118 00.

Faciendi 1001), 115, 151, 161.
Faciem nom., 76, 153, 163.
1000010101600111, 77, 153, 183.
facticium (00000011, 81, 155.
1001006010000, 78, 151.
100100100160, 81.

1001101001, 110,153.

¹ 1010061 modus, 101, 100, 151, 163.
fecundantium, 71, 153, 161.

Femiuiuum 000, 60, 155, 161.
1101000 nom. 00000, 81, 153.
1100106101, 118, 158.
11011110 0001, 111, 151, 163.

finitivum 061. temp, 135, 155,

163.

110111100 mod., 103 00, 100, 155.

1101111000 0000, 116, 155.
Finitus 001, 111, 155, 161.
Finitus mod., 100, 155.
110000οο0, 61, 153, 161.
Flemus 000, 116, 153, 163.
Forma casualis, 71, 153.
Forma 1005, 110 sqq„ 153.

110000010110010001.1001), 111, 156,

161, 163.
1000010100), 111, 151.
Futurum temp, 01, 09, 151, 101.

60000010 nom., 81, 155.

600011100 000, 10, 00, 155, 161.

(1001110 nom., 81, 155.

Gentis, 010, nom., 01.

600110 0000, 180, 151.

60000 nom., 50 000, 151, 161.

6000001001), 111000, 153, 163.

0000110006, 108, 110, 151.

0000010001, 168, 110, isi.

Gerundi mod. 1100000011,105,151.

uerendum, 103 000.,157, 161 , 161.

Gradus comparat, 87, 8000.,153,
161, 163.

6000001100, 8, 1100, 151, 161.

Grammaticus, 11 sq., 151, 161.

6010000011οω, 13, 151.

600110 000, 110, 151.

110011100101001), 116 sq., 157, 161.
11010000111000000, 80, 151.
110000101οο nom., 71, 151.
1000010000000, 10, 151, 161 sq.
110010οι11 adv. , 10,

Hortensii mod., 105, iio, 151.
1001011100001, 131, 151.

1100101110οι verb.. 111, 151.
110010111000000, 105, 110, 151.
11001000, 117, 151.
1110000010000, 85, 151.

11101110 conj.. 110, 150.

11111100010101, 16, 156.

immutabilis 0000, 5100, 156.

[imparilitas 110, 157.

imperandi 0000, 101,105, 161.

imperativus mod., 103, 105, 100
sq., 158, 161. -

imperativi futurum, 07 sq.

10000100100010000.,01,00000.,158,
100, 101.

1000000010 101 impersonalis med.
1000010001,103,110,118,156,

 

