-170-

1111616111 vox, 16, 155.
1111616161,13, 158,
litteratura, 18, 153.
1111616166,13 66., 155.
166616 6111,, 13366, 158.
1666166616, 86, 157.
16616111, 616.,13, 133, 151.
Locorum 166,,1616616, 86, 151,

163.
Locutio, 58, 155, 163.
1666666116, 51, 153,
1611666611, 56, 151, 161.
1666616661, 56, 151.
1661166666, 117, 151.
16611611611661166, 111, 157,161.

11666611666661166, 105, 157.

16666116661666, 66, 155, 163.

1111116666166111116661, 82, 157.

1161166661, 113, 153, 163.

116616 consa, 53, 151.

1161116 11161, 118, 151.

1161116 6611, 56, 153. ’

1161116 16661, 53, 151.

1161116 potest. oet utaru'ficat. nom.‚
8866, 153.

ttedttattoa torm. 16111, 136, 156,
161.

1611166666, 117, 151.

1616666161, 89, 153, 163.

1116611116666116, 85, 153, 163.

Miruusauumfiuituuu 6166, 136 66,
151,

11666666666116616661666665, 137,
158.

1116111111 1611), 111, 153.

Mobile nom., 63, 153,161.

Moderaruentum, 116, 153,163.

1161161, 13,161666,136,153,157,
161, 163,

11666116 torm. 6116, 73, 15666.

116666166661111, 51, 151.

v 11666616166 6616, 73, 151.

11666611161666, 57, 151, 163.
116716616666.,13,56,156,153,163.
Multitudo (6616), 63, 151, 163.
1161111666166661, 86, 156.

11616 6666, 16, 53 666, 155, 163.

Natura 1666, 56, 151, 163.

16661116, eto.,' 616, 66, 161, 166,
163.

1161111616 6661, 66, 156, 157, 163.

Neutrato 16111, 118, 136, 157.

Neutroooutoaro 1611), 111, 157.

116611616166.6616.,5666,156166.

Neutrum gen. 1611).,113, 117 666,
156.

Nomen, 11 sqq„ 61, 163, 116116,
151, 163.

Nominandi 66666, 65, 151, 163.

1666666166 666, 65, 76, 158, 163.

1161111661116,75, 157, 163.

1161666616, 116, 153. -

1161166666, 66, 161, 161.

1161661616 6111, 133, 135,158,161.

1161661616 nom„ 86 666.,158, 161.

Numeri 6111,, 36.

Numeri, 616, 6616, 86, 151, 161.

Numeri 6166, 136, 151.

Numerus, 63 66., 151, 161.

66116666 666, 65, 151, 155, 163.
Ottttteroto 66. 16166, 36, 166, 153.
6666611666), 66, 15166.
66166666, 61, 151.
0666616661611), 133, 157.
66166111 6111,, 36, 133.
optandi 6666, 161, 166, 151, 163.
66161116 6661, 113, 157,163.
optativum 6111, 133, 135, 158.
661611166 61611, 163, 166, 16666,
156, 158, 163 66.
Oratio, 58, 153, 163.

 

