--101 -

111110110ηαὶ0 10111, 118 sq.‚ 157,
161,161.

11111011011011001 11100, 107, 157.

“ 1010111111οω 0001,, 87, 150.

11111101111011111 100, 13, 57, 76, 157,
160. .

1111001111011111 100, 76, 108, 157,
160168, ,

11111010110100, 76,’160.

10100110100.,80, 156. ψ

inarticulata vox, 16 111, 157, 161.

inchoativa spec. 100111, 95. 00111,
151, 111.

1110000111010110111, 101, 157, 160,

. 161.

7.10110011111110101).,05, 153, 160.

110110010001010, 70,.158, 160.

1001100110, 102, 155.

100110111101011100., 107.

1001111110, 70, 156, 160.

10011011001100, 77.

1001101101, 70, 150. ,,

Incorporale 11001, 86, 150.

1000110101011, 68, 158.

10000110111110 11001, 71 111, 156,
161.

10000011010100, 106, 160,163.

10010100110111, 101, 151, 160.

100101111010100, 101, 103111, 158,
163.

10011010011111, 131.

1110110011000001, 113, 157.

10100100110111, 01, 155, 160.

1011111111010101. temp., 135, 150,
163.

100010101011100, 130, 157.

100001101010111, 100, 151.

infinitivus 1000.,103, 107, 100111,
160163. ·

1000110111 110111, 01, 115.

10001100111100, 106, 100, 155.

1011οἰ101 art„ 101, 155, 160.

1111101101 1000, 101, 107, 100111,
156, 160111. ·
1110101100, 116, 155.
101111110001, 138, 157, 163,
101011111000110111, 100, 157.. ’
1010111110111011, 16, 160.
inseparabilis 1111011, 111 , 157, 161.
1011001001111010100, 107, 160.
1010010001, 50, 150.
101001010011, 50, 150.
11111101 101011, 03 111, 00 111, 155,
160.
1010110111 0001, 85.
1010110011111111011, 15 , 153.
intentivum 101.. 131, 150.
interjectio, 115, 157, 161, 163.
interpunctio, 11511111.. 157 , 160.
interrogandi 101, 00.
11110110001101011, 67, 153, 160.
10101101111110101, 111. 116, 158.
interrogativum 101, 131, 158.

interrogativum 0001,, 01.

10101101111101011100, 100 111, 158,
161.

10101100οί00ιο 10111, 100, 151.

10101101101010100, 105, 157.

1011101111100110111, 101, 150, 161.

1010010001108.

iteratim 1011010111, 101, 157,161.

10000101 11100, 106, 110, 158.
iungendi 100111, 116, 161, 160,
10101100111101,, 131, 156.

1011001011, 6, 68, 150, 160,.
10000111111110111, 122, 152'.

Levis 0001.,’53, 151.
11110101 0001,, 51, 151, 163.
1111010110011, 50, 151.
Littera, 17 111, 150, 161.
Litterarum 0010100, 10.
10110111111011, 15, 158.

 

